0.025284 2.389416 53.622809 2.389416 53.622809
0.047658 1.661332 50.790890 4.050747 104.413699
0.070023 4.039775 11.154824 8.090523 115.568523
0.092072 4.112255 10.936625 12.202777 126.505147
0.114274 4.354503 10.918185 16.557280 137.423333
0.136448 4.229842 10.416622 20.787123 147.839955
0.158655 3.855812 10.659708 24.642935 158.499663
0.181485 4.029620 13.093425 28.672554 171.593087
0.204197 2.259912 11.464240 30.932466 183.057327
0.226530 3.980962 9.938459 34.913429 192.995786
0.248908 1.435031 10.182299 36.348460 203.178085
0.270985 1.374340 12.468427 37.722800 215.646512
0.292876 1.403795 12.445358 39.126595 228.091869
0.315236 1.199096 12.544405 40.325692 240.636274
0.337800 1.658500 13.025442 41.984191 253.661716
0.360054 1.541136 12.651793 43.525327 266.313509
0.382410 1.595711 12.547720 45.121038 278.861229
0.404918 1.499651 12.655605 46.620689 291.516834
0.427280 1.408849 12.355392 48.029537 303.872226
0.450228 1.471587 13.132423 49.501124 317.004649
0.473197 1.360955 12.891763 50.862080 329.896412
0.495870 1.510628 12.725563 52.372707 342.621975
0.518043 1.477316 12.583533 53.850024 355.205508
0.540871 1.315510 12.898285 55.165533 368.103793
0.563597 1.593714 12.670179 56.759247 380.773973
0.586311 1.422501 12.913260 58.181748 393.687232
0.608663 1.497628 12.539857 59.679376 406.227089
0.630751 1.424723 12.474621 61.104099 418.701710
0.653008 1.435626 12.486622 62.539725 431.188332
0.675001 1.550548 12.503371 64.090274 443.691703
0.696975 1.656329 12.316731 65.746603 456.008434
0.718855 1.438664 12.225919 67.185267 468.234352
0.741240 1.351528 10.073516 68.536795 478.307868
0.763226 1.481352 9.987461 70.018148 488.295329
0.784953 1.708344 10.032799 71.726492 498.328128
0.807426 1.767001 10.276149 73.493493 508.604277
0.829665 1.823651 10.074572 75.317144 518.678849
0.852183 1.762081 10.195311 77.079225 528.874160
0.874358 1.854447 9.973555 78.933672 538.847715
0.896112 1.775727 9.854886 80.709399 548.702601
0.917987 1.810204 9.926053 82.519602 558.628653
0.940513 1.968272 10.289088 84.487874 568.917741
0.963319 1.784618 10.325711 86.272492 579.243452
0.985924 1.918653 9.867370 88.191146 589.110822
1.008496 1.842499 7.499800 90.033645 596.610622
1.032516 1.888627 6.809876 91.922271 603.420498
1.055222 1.870466 7.345636 93.792738 610.766134
1.077798 1.879517 7.292311 95.672255 618.058444
1.100044 1.888177 7.113348 97.560432 625.171793
1.122404 1.766501 7.328752 99.326933 632.500544
1.144914 1.795231 7.265351 101.122164 639.765895
1.167274 1.841949 7.177741 102.964113 646.943636
1.189349 1.818498 7.031167 104.782611 653.974803
1.211372 1.833468 7.025549 106.616078 661.000352
1.233371 3.343932 7.089365 109.960011 668.089717
1.255374 1.804315 6.320614 111.764326 674.410332
1.277363 1.789399 6.398966 113.553725 680.809298
1.299493 1.773221 6.368116 115.326946 687.177414
1.321495 1.694204 7.106867 117.021150 694.284280
1.343495 1.754559 7.051249 118.775710 701.335530
1.365497 1.908730 6.963850 120.684440 708.299380
1.387372 1.711764 7.169728 122.396204 715.469108
1.409364 2.628149 7.114706 125.024352 722.583814
1.431591 1.830989 7.190603 126.855342 729.774416
1.454170 1.907980 7.293235 128.763322 737.067651
1.476532 1.842145 7.329455 130.605467 744.397106
1.499618 1.748805 7.364615 132.354272 751.761721
1.522604 1.836058 7.849947 134.190330 759.611668
1.545472 1.940994 7.152245 136.131324 766.763913
1.568196 1.891824 7.266203 138.023147 774.030116
1.590402 1.729350 7.072858 139.752497 781.102974
1.612503 2.008483 6.984116 141.760980 788.087089
1.634343 1.818243 7.054576 143.579224 795.141665
1.656110 1.784940 6.867676 145.364164 802.009341
1.677852 1.845418 7.142509 147.209582 809.151851
1.699592 1.750120 6.234133 148.959702 815.385984
1.722218 1.928919 7.206588 150.888621 822.592572
1.744924 1.521351 10.587023 152.409971 833.179595
1.767273 1.748872 10.135647 154.158843 843.315241
1.789369 1.640672 9.816423 155.799515 853.131664
1.811492 1.841804 10.116107 157.641319 863.247771
1.833509 1.976086 9.985027 159.617406 873.232798
1.855497 1.665635 9.971835 161.283041 883.204633
1.877501 1.633839 10.254137 162.916880 893.458770
1.899501 1.795811 10.235858 164.712690 903.694628
1.921498 1.762561 9.975944 166.475252 913.670572
1.944088 1.937165 10.431336 168.412417 924.101909
1.966409 1.676915 10.044762 170.089333 934.146671
1.988517 1.812898 10.015168 171.902231 944.161839
2.010485 1.746519 9.770634 173.648750 953.932473
2.032787 1.750754 10.309385 175.399504 964.241858
2.055010 1.700111 10.078448 177.099615 974.320306
2.077465 1.821716 10.183655 178.921330 984.503961
2.099789 1.878071 10.180104 180.799401 994.684065
2.122012 1.766782 9.667310 182.566183 1004.351376
2.144147 1.651876 9.817192 184.218060 1014.168568
2.166234 1.819461 9.828964 186.037520 1023.997532
2.188232 1.770906 9.959985 187.808427 1033.957517
2.210238 1.812802 9.710471 189.621229 1043.667988
2.232786 1.823622 10.310381 191.444851 1053.978369
2.255151 1.694189 10.126008 193.139040 1064.104377
2.277254 1.771063 9.836179 194.910103 1073.940556
2.299376 1.877654 10.021541 196.787757 1083.962097
2.322105 1.713263 10.580758 198.501020 1094.542855
2.344498 1.925856 10.351486 200.426875 1104.894341
2.367310 1.844968 10.334113 202.271843 1115.228454
2.389785 1.843007 10.198356 204.114850 1125.426811
2.412013 1.947788 10.152961 206.062638 1135.579772
2.434215 1.848374 10.057831 207.911012 1145.637603
2.456658 1.904913 10.094084 209.815925 1155.731687
2.478871 1.760433 10.257169 211.576357 1165.988856
2.500874 1.658522 9.896134 213.234879 1175.884990
2.523218 1.798756 10.133376 215.033635 1186.018366
2.545800 1.826379 10.314680 216.860014 1196.333046
2.568048 1.852185 10.089693 218.712200 1206.422738
2.590401 1.922431 10.221312 220.634631 1216.644050
2.612907 1.994655 10.195540 222.629286 1226.839590
2.635278 1.619154 10.324568 224.248441 1237.164158
2.657352 1.768732 10.121243 226.017173 1247.285401
2.679511 1.889101 10.121380 227.906273 1257.406781
2.701501 1.632812 10.044278 229.539085 1267.451059
2.723504 1.804296 10.050159 231.343381 1277.501218
2.745509 1.790718 9.770565 233.134099 1287.271783
2.767627 1.822014 10.036294 234.956113 1297.308077
2.789751 1.897195 9.828921 236.853308 1307.136998
2.811949 1.737044 10.150339 238.590351 1317.287338
2.834592 1.822824 9.991580 240.413176 1327.278918
2.857028 1.825777 9.978684 242.238953 1337.257602
2.879150 1.739407 10.099078 243.978360 1347.356681
2.901244 1.778622 9.926049 245.756982 1357.282730
2.923247 1.625516 10.050159 247.382498 1367.332888
2.945716 1.859370 10.279913 249.241869 1377.612802
2.968500 1.876889 10.401222 251.118757 1388.014024
2.991033 1.932259 10.292246 253.051016 1398.306270
3.013152 1.780637 10.058955 254.831653 1408.365225
3.035127 1.656419 10.031923 256.488073 1418.397148
3.057251 1.662120 9.950608 258.150193 1428.347756
3.079384 1.781751 10.137178 259.931944 1438.484934
3.101594 1.779640 9.989319 261.711584 1448.474252
3.124194 1.819350 10.249395 263.530934 1458.723648
3.146523 1.923131 10.031555 265.454065 1468.755203
3.168783 1.817043 10.178794 267.271109 1478.933997
3.191286 1.836855 7.437444 269.107964 1486.371441
3.213779 1.751705 7.259887 270.859669 1493.631328
3.235930 1.686296 7.011014 272.545965 1500.642341
3.258003 4.260179 7.124220 276.806144 1507.766562
3.280004 1.784888 7.216567 278.591032 1514.983129
3.301856 1.914841 6.971015 280.505873 1521.954144
3.323584 1.863236 6.795662 282.369110 1528.749806
3.346217 1.921041 7.135305 284.290150 1535.885110
3.368929 1.785785 7.461127 286.075935 1543.346238
3.391280 1.684760 7.342546 287.760695 1550.688784
3.413500 1.877639 7.605002 289.638334 1558.293786
3.435712 1.838101 7.113630 291.476435 1565.407415
3.458472 1.732651 7.363067 293.209087 1572.770482
3.481169 1.960531 7.456271 295.169618 1580.226754
3.503563 1.920339 7.339848 297.089957 1587.566602
3.526026 1.898168 6.986167 298.988126 1594.552769
3.548047 1.902127 6.942359 300.890252 1601.495128
3.570001 1.863408 7.201161 302.753660 1608.696289
3.592029 1.822870 7.236419 304.576530 1615.932707
3.614122 1.858635 7.047910 306.435165 1622.980617
3.636142 1.703839 7.222745 308.139004 1630.203362
3.658246 1.779428 7.067988 309.918432 1637.271350
3.680257 1.821469 7.021746 311.739902 1644.293096
3.702256 1.839733 6.940944 313.579634 1651.234040
3.724843 1.869117 7.420008 315.448751 1658.654048
3.747295 1.773771 7.358915 317.222522 1666.012963
3.769653 1.825023 7.082104 319.047545 1673.095067
3.791924 1.770592 9.805082 320.818137 1682.900149
3.814277 1.497708 10.059246 322.315845 1692.959395
3.836285 1.543354 9.777338 323.859199 1702.736733
3.858372 1.424661 9.806982 325.283860 1712.543715
3.880971 1.514178 10.333712 326.798038 1722.877426
3.903593 1.459155 11.350881 328.257194 1734.228308
3.926350 1.362620 10.223930 329.619814 1744.452237
3.949040 1.968423 10.494484 331.588236 1754.946722
3.971528 1.374614 9.776916 332.962850 1764.723637
3.993773 1.384804 10.088504 334.347654 1774.812141
4.015982 1.382548 10.155354 335.730202 1784.967495
4.038544 1.483499 10.034780 337.213700 1795.002275
4.060773 1.330999 10.147839 338.544700 1805.150114
4.082744 1.301821 9.947679 339.846521 1815.097793
4.104754 1.565515 9.888345 341.412036 1824.986138
4.127094 1.488436 10.315739 342.900472 1835.301877
4.149680 1.626249 10.175363 344.526721 1845.477240
4.172181 1.442920 10.148269 345.969641 1855.625509
4.194277 1.472186 9.937954 347.441827 1865.563463
4.216247 1.367676 10.046116 348.809503 1875.609579
4.238245 1.336415 10.047872 350.145918 1885.657451
4.260717 1.449497 10.090312 351.595416 1895.747763
4.283048 4.162067 9.937610 355.757483 1905.685373
4.305525 4.478661 10.182363 360.236144 1915.867736
4.327523 1.506904 10.185364 361.743048 1926.053100
4.349495 1.463941 10.211893 363.206989 1936.264992
4.371502 1.584552 9.952975 364.791541 1946.217967
4.393499 1.515088 9.959445 366.306628 1956.177413
4.415628 1.336083 9.958392 367.642711 1966.135805
4.438092 1.505120 10.260665 369.147832 1976.396470
4.460794 1.975153 10.295782 371.122985 1986.692251
4.483149 1.559298 10.054408 372.682283 1996.746660
4.505249 1.375765 10.111057 374.058048 2006.857717
4.527253 1.419310 9.979188 375.477357 2016.836905
4.549438 1.411554 9.961312 376.888911 2026.798217
4.571993 1.384362 9.935842 378.273274 2036.734059
4.594422 1.623348 10.171869 379.896621 2046.905928
4.616779 1.391765 10.223056 381.288386 2057.128984
4.638743 1.315139 9.768831 382.603525 2066.897816
4.660747 1.496310 10.320150 384.099835 2077.217966
4.683095 1.558832 10.124039 385.658668 2087.342005
4.705675 1.309675 10.426602 386.968342 2097.768607
4.728178 1.524618 10.177258 388.492960 2107.945865
4.750273 1.607458 10.009336 390.100418 2117.955201
4.772259 1.778173 9.778587 391.878591 2127.733788
4.794246 1.874466 9.872565 393.753057 2137.606353
4.816844 1.870044 10.248530 395.623100 2147.854883
4.839303 1.799566 10.101162 397.422666 2157.956045
4.861788 2.012471 10.186035 399.435137 2168.142080
4.883890 1.770986 9.929691 401.206123 2178.071771
4.905999 1.757722 10.109675 402.963844 2188.181446
4.928026 1.792503 10.171296 404.756347 2198.352742
4.950807 1.734249 10.519411 406.490596 2208.872153
4.973278 1.817394 10.179663 408.307990 2219.051816
4.995528 1.602062 10.285469 409.910051 2229.337285
5.017625 1.811999 10.021249 411.722050 2239.358534
5.039880 1.774886 10.092937 413.496936 2249.451471
5.062335 1.939608 10.172427 415.436544 2259.623898
5.084652 1.830064 9.914717 417.266608 2269.538615
5.107135 1.787443 10.111992 419.054051 2279.650607
5.130596 1.991322 10.845238 421.045372 2290.495845
5.153095 1.794338 10.287923 422.839710 2300.783769
5.176198 1.816529 10.379351 424.656239 2311.163119
5.198528 1.831120 10.199571 426.487359 2321.362690
5.220807 1.957829 10.092717 428.445188 2331.455408
5.243349 1.921764 10.211849 430.366952 2341.667257
5.265782 1.735810 10.241008 432.102761 2351.908265
5.288000 1.946911 10.276145 434.049672 2362.184410
5.310673 1.949928 10.288151 435.999600 2372.472561
5.333152 4.349830 10.475572 440.349431 2382.948133
5.355410 4.273675 10.372576 444.623105 2393.320709
5.377495 1.772371 9.916457 446.395477 2403.237166
5.399495 1.900314 6.308723 448.295791 2409.545890
5.421219 1.933494 6.158948 450.229285 2415.704837
5.443878 1.781623 7.313446 452.010908 2423.018283
5.466134 2.000310 7.105422 454.011218 2430.123705
5.488149 1.887852 6.995518 455.899070 2437.119223
5.510129 1.857371 7.083295 457.756441 2444.202518
5.532146 1.736644 7.122727 459.493085 2451.325246
5.554111 1.751745 7.116819 461.244830 2458.442065
5.576144 1.669067 6.951701 462.913897 2465.393766
5.598126 1.906993 7.017963 464.820890 2472.411728
5.620145 1.764319 7.112334 466.585209 2479.524063
5.642253 1.868190 7.052702 468.453398 2486.576764
5.664275 1.715016 7.135359 470.168415 2493.712123
5.686249 1.801911 6.954945 471.970325 2500.667069
5.708725 1.949870 7.282520 473.920195 2507.949589
5.731177 1.832690 7.167990 475.752885 2515.117580
5.753653 1.767226 7.383588 477.520111 2522.501167
5.775653 1.713308 7.117251 479.233419 2529.618418
5.797625 1.892391 6.871944 481.125810 2536.490363
5.819749 1.841884 7.256920 482.967694 2543.747283
5.841759 1.763612 7.192024 484.731306 2550.939307
5.863747 1.712361 7.294723 486.443667 2558.234030
5.886473 1.880639 7.170300 488.324306 2565.404331
5.908937 1.870188 7.239266 490.194494 2572.643597
5.931448 1.874098 7.209380 492.068593 2579.852977
5.954342 1.914561 7.417862 493.983154 2587.270839
5.977178 2.023900 7.576074 496.007053 2594.846913
5.999547 1.968524 7.415529 497.975577 2602.262442
6.021735 1.716863 7.344523 499.692441 2609.606965
6.043657 1.742842 7.190603 501.435283 2616.797569
6.066031 1.652941 7.238270 503.088224 2624.035838
6.088039 1.713921 7.301367 504.802145 2631.337205
6.110005 1.864419 6.447221 506.666564 2637.784426
6.132028 1.805938 7.042067 508.472502 2644.826494
6.154253 1.650249 7.284444 510.122752 2652.110937
6.176257 1.625605 7.245090 511.748356 2659.356028
6.198249 1.795149 7.103632 513.543505 2666.459660
6.220852 1.946746 7.142787 515.490251 2673.602447
6.243431 1.800727 6.384404 517.290978 2679.986851
6.266633 1.722797 6.386540 519.013774 2686.373391
6.288753 1.813895 7.128396 520.827670 2693.501788
6.310751 1.762657 7.023139 522.590327 2700.524926
6.332752 1.762867 7.210988 524.353194 2707.735915
6.355100 1.832605 7.218687 526.185799 2714.954602
6.377670 4.333552 7.121029 530.519351 2722.075631
6.400179 4.231840 7.270670 534.751191 2729.346301
6.422273 4.231132 7.396206 538.982323 2736.742507
6.444842 4.164097 7.414134 543.146420 2744.156641
6.467736 4.189713 7.246153 547.336132 2751.402794
6.490352 4.300026 7.327866 551.636159 2758.730660
6.512926 4.173486 7.190031 555.809645 2765.920691
6.535280 4.230602 7.382605 560.040247 2773.303296
6.557373 4.222665 7.053434 564.262912 2780.356730
6.579504 4.238209 7.004675 568.501121 2787.361405
6.601500 6.357044 7.363403 574.858165 2794.724808
6.623627 6.585794 7.147298 581.443960 2801.872105
6.645625 6.426341 7.100058 587.870301 2808.972163
6.667620 6.527236 7.033147 594.397536 2816.005310
6.689622 6.482532 7.106867 600.880068 2823.112177
6.711502 6.375454 7.089318 607.255522 2830.201495
6.733519 6.423656 9.775858 613.679178 2839.977353
6.755502 6.476982 9.870745 620.156160 2849.848098
6.777501 6.509118 10.048307 626.665278 2859.896405
6.799624 6.482266 9.939117 633.147544 2869.835522
6.821757 6.532164 9.196501 639.679707 2879.032023
6.843751 6.515955 9.881168 646.195663 2888.913191
6.866346 6.600745 10.247125 652.796408 2899.160316
6.888799 6.601404 10.020001 659.397812 2909.180317
6.911673 9.884676 7.525746 669.282488 2916.706064
6.934216 3.668978 7.123801 672.951466 2923.829864
6.956828 3.982677 7.190875 676.934142 2931.020739
6.979282 6.725185 7.168675 683.659328 2938.189414
7.001781 3.394653 7.379934 687.053981 2945.569348
7.023653 3.319148 7.075755 690.373128 2952.645103
7.045755 8.548255 7.244200 698.921383 2959.889303
7.067752 3.302397 7.088751 702.223780 2966.978053
7.090471 3.410780 7.446359 705.634560 2974.424412
7.112937 8.203215 11.048092 713.837775 2985.472504
7.135154 3.371502 7.309559 717.209277 2992.782063
7.157250 3.317287 7.054423 720.526564 2999.836486
7.179251 6.556506 7.106559 727.083070 3006.943044
7.201476 3.394958 7.189986 730.478028 3014.133030
7.224104 3.329256 7.309099 733.807284 3021.442129
7.246571 6.611086 7.369377 740.418370 3028.811506
7.268782 3.356751 7.102218 743.775121 3035.913724
7.290739 3.296383 7.284440 747.071505 3043.198164
7.312740 6.460249 6.952547 753.531754 3050.150711
7.335097 3.476618 7.372452 757.008371 3057.523163
7.357660 3.429678 7.423458 760.438049 3064.946621
7.380182 6.551279 7.550731 766.989328 3072.497352
7.402525 3.438158 7.228242 770.427486 3079.725594
7.424527 3.173883 7.117868 773.601369 3086.843463
7.447093 6.668410 7.198733 780.269779 3094.042195
7.469850 3.459178 7.288179 783.728956 3101.330375
7.492440 3.360389 7.268615 787.089345 3108.598990
7.514779 5.604434 7.048137 792.693780 3115.647127
7.536778 3.379718 6.951944 796.073498 3122.599071
7.559100 3.423732 7.210216 799.497230 3129.809288
7.581674 6.662340 7.105376 806.159569 3136.914664
7.604179 3.471509 7.123075 809.631078 3144.037738
7.626407 3.317631 7.318804 812.948709 3151.356542
7.648524 6.544037 7.155045 819.492746 3158.511587
7.670505 3.308242 7.539724 822.800988 3166.051311
7.692528 3.320063 7.113644 826.121051 3173.164955
7.714500 5.463000 7.025829 831.584051 3180.190783
7.736534 3.621938 7.249394 835.205988 3187.440177
7.758629 3.366823 7.131377 838.572812 3194.571554
7.780631 6.424775 7.046360 844.997586 3201.617914
7.802631 3.393615 7.100750 848.391201 3208.718664
7.824750 3.301368 7.321637 851.692570 3216.040301
7.846754 6.461089 7.046971 858.153659 3223.087271
7.868747 3.384264 7.021464 861.537923 3230.108735
7.891098 3.447751 7.158145 864.985674 3237.266881
7.913679 6.526137 7.485873 871.511811 3244.752753
7.936360 3.498651 7.660751 875.010462 3252.413504
7.959219 3.411824 7.578032 878.422286 3259.991535
7.982223 6.763328 7.631759 885.185614 3267.623295
8.004934 3.418116 6.523955 888.603730 3274.147250
8.027406 5.452470 7.174460 894.056200 3281.321710
8.049754 6.500652 7.341528 900.556852 3288.663238
8.072312 3.366880 7.117268 903.923732 3295.780506
8.095406 3.475744 7.442258 907.399476 3303.222764
8.117935 3.396369 7.389788 910.795845 3310.612553
8.139903 6.604298 10.034150 917.400143 3320.646703
8.162018 3.447280 9.758550 920.847423 3330.405253
8.184982 3.593976 10.127445 924.441399 3340.532698
8.207361 3.312217 10.222005 927.753615 3350.754703
8.229596 5.008568 9.878175 932.762183 3360.632878
8.252339 6.626940 10.012917 939.389123 3370.645795
8.274661 3.451635 9.537351 942.840758 3380.183146
8.296782 3.329305 9.938153 946.170063 3390.121299
8.319224 3.509491 10.082434 949.679554 3400.203732
8.341800 6.586776 10.323246 956.266331 3410.526978
8.364050 3.451627 10.007226 959.717957 3420.534204
8.386277 3.317488 9.874679 963.035446 3430.408884
8.408271 3.318427 9.875563 966.353873 3440.284446
8.430252 3.269774 9.886268 969.623647 3450.170715
8.453194 6.770984 10.496328 976.394631 3460.667042
8.475852 3.390287 10.360640 979.784918 3471.027682
8.498150 3.439587 10.028887 983.224505 3481.056569
8.520267 3.569224 10.113273 986.793728 3491.169842
8.542247 6.467826 9.874849 993.261554 3501.044691
8.564843 3.462961 10.145979 996.724516 3511.190670
8.587174 3.589818 10.026936 1000.314333 3521.217606
8.609647 3.382268 9.983884 1003.696602 3531.201489
8.631815 3.280988 10.036952 1006.977589 3541.238441
8.654006 3.900154 9.869675 1010.877743 3551.108116
8.676021 3.373916 10.072225 1014.251659 3561.180341
8.698007 3.300750 7.101707 1017.552410 3568.282048
8.720023 3.305260 6.417884 1020.857670 3574.699932
8.742252 6.485496 6.452161 1027.343166 3581.152093
8.764273 3.319775 6.876294 1030.662941 3588.028388
8.786362 3.280317 7.035572 1033.943258 3595.063959
8.808781 3.298492 7.448942 1037.241751 3602.512901
8.831139 3.225231 7.495739 1040.466982 3610.008640
8.853140 6.655514 7.238569 1047.122496 3617.247210
8.875128 3.427471 7.096826 1050.549967 3624.344035
8.897905 3.428055 7.482510 1053.978022 3631.826545
8.919726 3.180511 6.966583 1057.158533 3638.793128
8.942091 6.609016 7.151391 1063.767550 3645.944519
8.964653 3.311079 7.479550 1067.078628 3653.424069
8.986654 3.256252 7.211066 1070.334880 3660.635135
9.008753 3.367441 7.243184 1073.702320 3667.878319
9.030751 3.343787 7.237549 1077.046107 3675.115867
9.052754 6.350860 6.925719 1083.396967 3682.041587
9.075095 3.418279 7.646455 1086.815247 3689.688042
9.097670 3.431490 7.517684 1090.246736 3697.205726
9.120759 3.365315 10.194084 1093.612051 3707.399810
9.143603 6.699230 7.515941 1100.311281 3714.915752
9.166187 3.463921 7.204513 1103.775202 3722.120265
9.188535 3.397025 7.241037 1107.172226 3729.361302
9.210775 6.563758 7.389450 1113.735984 3736.750752
9.232760 3.300607 7.233313 1117.036591 3743.984065
9.255241 3.417211 7.396474 1120.453802 3751.380538
9.278118 6.697440 7.303708 1127.151242 3758.684246
9.300973 3.234087 7.719536 1130.385329 3766.403783
9.323735 3.348935 7.562856 1133.734264 3773.966639
9.346478 6.649753 6.322819 1140.384018 3780.289458
9.369033 3.428446 6.467817 1143.812463 3786.757276
9.391294 3.261322 7.296244 1147.073785 3794.053519
9.413505 6.494161 6.980052 1153.567946 3801.033571
9.435726 3.297155 7.094309 1156.865101 3808.127880
9.458724 3.510155 7.353799 1160.375256 3815.481679
9.481725 5.048916 7.182352 1165.424172 3822.664032
9.504704 3.337770 7.273017 1168.761942 3829.937049
9.527163 5.536320 7.265728 1174.298262 3837.202777
9.549386 6.517092 7.089361 1180.815354 3844.292139
9.571519 3.311768 6.606945 1184.127122 3850.899083
9.593628 5.450043 7.124862 1189.577165 3858.023945
9.615618 6.566911 7.042466 1196.144076 3865.066411
9.637189 3.200718 6.180335 1199.344794 3871.246746
9.658686 3.216588 7.078117 1202.561383 3878.324863
9.680183 5.076137 7.045870 1207.637520 3885.370733
9.701956 3.282359 7.217933 1210.919879 3892.588666
9.723434 3.135909 7.071915 1214.055788 3899.660581
9.745800 6.575748 7.420093 1220.631536 3907.080675
9.768024 3.353177 7.095298 1223.984713 3914.175973
9.790010 3.341975 7.030250 1227.326688 3921.206223
9.812039 6.449164 7.126584 1233.775852 3928.332807
9.834263 3.386478 7.178564 1237.162330 3935.511372
9.856428 4.167158 7.076421 1241.329488 3942.587793
9.878507 6.524541 6.248555 1247.854029 3948.836347
9.900639 3.422253 6.346531 1251.276282 3955.182879
9.922768 3.385849 6.246127 1254.662131 3961.429005
9.945419 6.651090 7.429751 1261.313221 3968.858756
9.967804 3.444616 7.157871 1264.757837 3976.016627
9.990030 3.297862 7.190294 1268.055699 3983.206921
10.012276 6.532217 7.029999 1274.587916 3990.236920
10.034384 3.401948 7.135532 1277.989864 3997.372452
10.056984 5.031517 6.418656 1283.021381 4003.791108
10.079534 6.508654 6.759539 1289.530035 4010.550647
10.101814 3.333743 7.196662 1292.863779 4017.747309
10.124030 3.315851 7.298216 1296.179630 4025.045525
10.146258 6.674161 7.291017 1302.853791 4032.336542
10.168322 3.411746 7.121373 1306.265537 4039.457915
10.190385 3.334375 7.043843 1309.599912 4046.501758
10.213056 6.580454 7.544011 1316.180366 4054.045769
10.235553 3.470259 7.277992 1319.650625 4061.323761
10.257779 3.325681 7.373742 1322.976306 4068.697502
10.280032 6.567628 6.681688 1329.543934 4075.379191
10.302005 3.202647 7.097471 1332.746581 4082.476662
10.323999 3.205740 7.115323 1335.952321 4089.591985
10.345858 6.290099 7.333905 1342.242420 4096.925889
10.367925 3.224649 7.045137 1345.467069 4103.971026
10.390731 3.304110 7.349444 1348.771179 4111.320471
10.413727 6.766764 7.364688 1355.537943 4118.685159
10.436602 3.577198 7.383164 1359.115142 4126.068323
10.459492 3.530904 7.336509 1362.646046 4133.404832
10.482229 6.667767 7.253266 1369.313812 4140.658098
10.504812 3.370617 7.418755 1372.684429 4148.076853
10.527168 4.292489 7.428029 1376.976919 4155.504881
10.549383 6.564771 7.186823 1383.541689 4162.691705
10.571508 3.282898 7.146605 1386.824587 4169.838309
10.593513 4.148039 7.245326 1390.972627 4177.083635
10.615777 6.509637 7.018951 1397.482263 4184.102586
10.638020 3.242020 7.179164 1400.724283 4191.281750
10.660036 4.007043 7.023343 1404.731326 4198.305094
10.682262 6.637470 7.284835 1411.368796 4205.589928
10.704322 3.320119 7.368247 1414.688915 4212.958175
10.726364 3.937379 7.103272 1418.626294 4220.061447
10.748848 6.531820 7.273827 1425.158114 4227.335274
10.771437 3.292443 7.437655 1428.450557 4234.772928
10.793785 3.927768 7.341528 1432.378325 4242.114456
10.816030 6.481814 7.124167 1438.860139 4249.238623
10.838013 4.558894 7.232685 1443.419033 4256.471308
10.860034 3.713374 7.112950 1447.132407 4263.584259
10.882267 6.606185 7.303776 1453.738591 4270.888035
10.904458 3.398108 7.079170 1457.136699 4277.967205
10.927018 3.714073 7.287151 1460.850772 4285.254356
10.950098 6.886667 7.743543 1467.737439 4292.997899
10.973056 3.472510 7.409943 1471.209949 4300.407843
10.995566 3.323148 7.197819 1474.533096 4307.605662
11.017796 3.401280 7.291643 1477.934376 4314.897304
11.040030 6.634261 7.370793 1484.568638 4322.268097
11.062003 3.367485 7.097548 1487.936123 4329.365646
11.084538 5.729720 7.194555 1493.665843 4336.560201
11.107029 3.376561 7.287310 1497.042405 4343.847511
11.129142 3.328085 7.385926 1500.370490 4351.233436
11.152317 6.709368 7.485764 1507.079857 4358.719200
11.175145 3.469977 7.259567 1510.549835 4365.978767
11.197998 3.473746 7.118905 1514.023581 4373.097672
11.221047 4.512002 7.571876 1518.535583 4380.669548
11.243560 6.618998 8.341299 1525.154582 4389.010847
11.265913 3.258040 6.421086 1528.412621 4395.431933
11.288151 3.369162 6.471470 1531.781783 4401.903403
11.310465 6.482436 7.330406 1538.264219 4409.233809
11.332884 3.416196 7.432127 1541.680415 4416.665936
11.355137 3.830421 7.104508 1545.510835 4423.770445
11.377257 6.315452 7.338543 1551.826288 4431.108988
11.399519 3.461862 7.324463 1555.288150 4438.433451
11.422006 3.541799 7.285997 1558.829948 4445.719447
11.444742 6.590820 7.343985 1565.420768 4453.063433
11.467728 3.402022 6.677628 1568.822791 4459.741061
11.490451 3.371622 7.532901 1572.194413 4467.273961
11.512912 6.544755 7.462884 1578.739168 4474.736846
11.535423 3.351428 7.395101 1582.090596 4482.131947
11.557507 3.323743 7.254825 1585.414339 4489.386771
11.579509 6.386270 7.392901 1591.800610 4496.779673
11.601514 3.358628 6.332166 1595.159238 4503.111838
11.623527 3.354325 7.297525 1598.513563 4510.409363
11.645635 6.312049 6.975321 1604.825612 4517.384684
11.667778 3.313231 7.163453 1608.138842 4524.548137
11.689760 3.426579 7.496166 1611.565421 4532.044302
11.711786 6.431737 7.301793 1617.997158 4539.346095
11.734610 3.512158 7.515057 1621.509316 4546.861152
11.757480 3.950924 7.387266 1625.460240 4554.248418
11.780508 6.862523 7.841248 1632.322763 4562.089667
11.803234 3.570941 7.249844 1635.893704 4569.339510
11.826233 3.395338 7.365681 1639.289042 4576.705191
11.849062 6.783290 7.630855 1646.072332 4584.336046
11.871558 3.366064 7.390167 1649.438396 4591.726212
11.893640 3.268214 7.132665 1652.706610 4598.858878
11.915642 6.493533 7.101366 1659.200143 4605.960244
11.938100 3.315475 7.518081 1662.515618 4613.478324
11.960813 3.452473 7.330837 1665.968091 4620.809161
11.983160 6.464059 7.134499 1672.432151 4627.943660
12.005260 3.359298 7.149569 1675.791449 4635.093229
12.027512 4.183519 7.337858 1679.974968 4642.431087
12.049636 6.537857 7.168422 1686.512825 4649.599509
12.071467 3.293858 7.062565 1689.806683 4656.662074
12.092962 3.173276 6.857081 1692.979959 4663.519155
12.114432 6.256033 7.053143 1699.235992 4670.572298
12.135956 3.150665 6.785642 1702.386656 4677.357940
12.157450 3.240342 10.731291 1705.626999 4688.089231
12.179212 6.362828 9.858450 1711.989827 4697.947681
12.200687 3.291156 9.631876 1715.280982 4707.579558
12.222581 3.327986 6.086721 1718.608969 4713.666279
12.244685 6.523649 6.421425 1725.132618 4720.087704
12.266761 3.344600 6.948608 1728.477218 4727.036312
12.289137 3.367700 7.647262 1731.844918 4734.683573
12.311130 6.375393 7.103940 1738.220310 4741.787514
12.333109 3.253005 7.028040 1741.473316 4748.815553
12.354979 3.209505 7.075138 1744.682821 4755.890691
12.376984 5.080578 7.107868 1749.763399 4762.998558
12.398982 3.220045 7.237550 1752.983444 4770.236108
12.420724 3.209776 6.854417 1756.193220 4777.090525
12.443235 6.559344 7.096821 1762.752565 4784.187346
12.465811 3.298998 7.292234 1766.051562 4791.479580
12.488062 3.362805 7.393173 1769.414367 4798.872753
12.510423 4.967098 7.653310 1774.381465 4806.526063
12.532915 3.376704 7.276372 1777.758169 4813.802435
12.555292 3.339871 7.155279 1781.098040 4820.957713
12.577382 4.848894 7.339623 1785.946934 4828.297336
12.599519 3.373217 7.089577 1789.320151 4835.386913
12.621636 3.458673 7.276771 1792.778824 4842.663684
12.643610 6.540166 7.202158 1799.318990 4849.865842
12.665212 3.243122 7.096534 1802.562113 4856.962376
12.686685 3.285459 6.930609 1805.847571 4863.892985
12.708211 3.320502 6.867044 1809.168073 4870.760029
12.730063 3.343461 7.244174 1812.511534 4878.004203
12.752220 6.436792 7.262173 1818.948325 4885.266376
12.774510 3.388182 7.127452 1822.336507 4892.393828
12.796531 4.952136 7.305718 1827.288643 4899.699546
12.818635 3.348862 6.443530 1830.637505 4906.143076
12.840520 6.467191 7.178481 1837.104696 4913.321557
12.862510 4.953412 7.097518 1842.058108 4920.419075
12.884637 3.310840 7.169349 1845.368949 4927.588424
12.908394 3.450807 10.667222 1848.819756 4938.255646
12.930087 3.338111 7.115528 1852.157866 4945.371173
12.952990 6.318548 13.713584 1858.476415 4959.084757
